100
427094 379855 617993 619936 7772 
1665023
483192 301898 150755 90065 391575 541554 237328 444505 
1327420
35815 193269 43022 150467 236511 129506 194589 
538325
59126 118252 266067 166245 55290 199269 
498735
227994 214363 200732 45842 91684 69371 88559 227301 
688238
10042 2904 1271 2542 
14217
427919 782539 647816 97049 548718 461495 5728 855419 
3272237
760132 533744 250759 275130 663454 396985 850567 
1941620
99811 77813 22818 178444 
200442
466481 352748 415389 830778 677502 80843 741900 903586 419278 144609 
3035512
598253 472697 96029 254836 384116 169979 151624 491582 8243 204820 
1130534
76597 229791 178823 290 
485211
135750 169077 134122 98353 60956 156053 40606 148680 161610 153329 
859614
19667 547563 221855 808752 561712 432674 682827 837758 
2159549
192885 257180 32544 241701 178199 115490 
583413
318116 55151 285612 571224 210747 421494 524872 293353 268590 
1460082
368001 25014 278686 557372 518085 96524 421706 246753 11176 
1079859
444190 710704 496525 512357 366345 643852 629335 333787 
3624738
83709 98006 112303 99388 32049 8292 85996 46774 52039 76175 
346387
877155 158182 316364 89186 529234 164064 871670 498074 101744 203488 
1920756
212155 424310 43228 623384 385067 445361 622258 
2288225
205887 27070 246492 135350 78348 349048 
660353
20874 15878 10882 42638 30593 6503 25941 18073 36146 9670 
123060
235405 298294 769104 486961 330596 661192 616169 181091 
2910760
47526 71289 142578 308919 594075 440936 110895 
1227756
312264 390330 18338 114742 307550 380902 302577 
325888
238184 302869 323425 364537 35078 243655 313811 409994 
1047793
253743 242083 160463 55523 146026 268732 237081 232079 152115 
1195961
297883 391701 77389 154778 105491 6917 626029 
630785
334668 503741 507219 179507 24346 548955 597647 
2074090
41493 96817 165972 345775 691550 483757 68171 122511 231191 
2013094
517552 335788 17701 126284 
871041
9580 19160 13241 8588 14781 22377 
55326
553604 151529 454587 632372 585867 90782 30035 488401 
2957142
226264 242906 485812 430927 199704 189786 484383 113636 
846977
19578 14575 14358 23930 23279 7185 14370 28740 23110 7064 
60759
541153 231533 45761 508827 
818447
104253 521265 152539 882310 874629 
256792
118793 26588 141234 132940 
286615
42799 13092 98690 90803 104736 68824 103577 62142 
338438
181707 681256 408986 318423 137297 274594 413053 326557 
2332887
80076 60291 87295 81012 15374 110824 
162960
364764 60975 121950 304875 62785 307771 68577 258742 31494 
123760
41627 124881 160923 66499 
327431
3425 6850 13700 253419 
23975
313411 320323 341059 382531 458563 617539 29818 352311 704622 
2446446
48070 1131 50332 52594 10179 19227 38454 124978 
150996
14086 21129 26070 5678 18399 13567 10946 
77800
166191 180974 361948 225323 299238 266094 532188 
1865765
482321 543640 262972 587263 69550 419768 216881 153094 586856 270389 
1771674
492433 282383 114343 228686 415362 254271 16109 524651 22426 
1562898
712983 137071 50851 591394 203404 
982720
167439 70627 211881 88884 151583 206354 245269 129475 
300765
206654 144892 289784 414479 
641330
66532 116431 266128 515623 
449091
78250 117375 313000 318506 212143 38542 345453 75918 73586 
867681
305182 447717 264958 204622 571891 
1346653
343345 97365 391514 586244 583163 577001 172136 344272 
440710
881984 871910 861836 816503 756059 625097 353099 711235 550560 214099 
3114902
305780 202873 405746 147008 549813 588032 511580 
2258044
103104 206208 111199 325502 
420511
289699 74667 121261 83636 326158 334544 136284 272568 227364 295842 
909143
384515 26440 641664 463835 261983 
410955
131227 39258 196657 65063 117040 23970 
324948
547765 657318 511597 439261 878522 
1937884
379779 640076 358446 55483 371263 221932 303049 866395 550787 179868 
2010979
90728 256962 30444 23135 212504 
113863
123456 246912 3851 90006 138860 401176 394683 217089 67661 135322 
1309788
33080 99240 165400 330800 678140 
132320
17313 128044 27773 131651 111092 28495 56990 72501 110376 103168 
177459
67223 260803 395249 209758 486739 266381 
747542
4759 14277 74 4907 9814 19628 
34275
252023 327349 199933 121798 
779305
351906 195834 274366 196826 120278 142639 285278 
887205
150162 35715 33281 181009 209422 154235 43861 
410747
63893 817711 35171 70342 
916775
770551 515363 775538 270149 198385 483495 
1290901
322507 162303 284555 166501 90597 61041 82031 164062 328124 11234 
743667
257218 57277 571713 686267 
886208
175724 34149 181558 74132 91634 7544 15088 86806 
416779
835917 793011 707199 478367 35005 
1578121
8466 12699 25398 55029 114291 237048 461397 210548 421096 
1023284
39679 119037 54370 252765 138122 117528 235056 207050 
716974
42668 128004 143097 60372 105651 
276323
117198 86750 130125 186427 64635 172645 6623 
266018
183808 275712 212203 85185 417687 
481196
76290 152580 305160 648465 650159 615402 545888 330570 
724755
18017 108163 216326 270377 
342506
171441 39585 79170 259439 285923 35594 
756388
148391 274340 184572 220753 77398 154796 
637519
17150 24010 44590 89180 181790 370440 128129 256258 
467699
542606 262523 258133 787569 209843 695379 568069 317839 88682 724360 
3457591
235703 210705 85715 183929 107157 164318 80434 
560783
177688 683971 621908 169187 338374 348153 278867 557734 369434 
2023466
685 1370 288 576 1152 537 
1222
823691 223246 686670 309471 618942 654371 
223246
3680 7360 22080 47840 92000 187680 364320 
441600
209176 345347 335508 96815 412645 324094 
554523
24523 18742 11034 18214 11905 
54642
115051 230102 75505 151010 302020 334392 14437 298522 
690395
